0.00000000000000000000 0.00000000000000000000 0.00000000000000000000 0.00000000000000000000 0.00000000000000000000 0.00000000000000000000 0.00000000000000000000 0.00000000000000000000 0.00000000000000000000 0.00000000000000000000 0.00000000000000000000 
0.00340730035260085680 0.00664734161632474230 0.00602325033798507390 0.00361497358279755030 0.00074628751073842821 -0.00194637603207095060 -0.00416430914936998570 -0.00564637888778971900 -0.00572799013077172730 -0.00290080078499006630 0.00000000000000000000 
0.01077461732770932500 0.01884810938091732000 0.01669909088328324100 0.00998438696338906260 0.00211522829015704010 -0.00529425241556356380 -0.01147974364493153600 -0.01573633253012808900 -0.01635698058596734400 -0.00935051872439708260 0.00000000000000000000 
0.02133488340719633500 0.03557162062375956300 0.03048607322938589100 0.01760219681241332100 0.00324545191263419810 -0.00996111455392245310 -0.02095898844878615500 -0.02868297428556013500 -0.03016710151416085800 -0.01798320805867940900 0.00000000000000000000 
0.03720636249529639400 0.05879970228789849900 0.04762326753139922700 0.02563850492116410300 0.00311891706803427710 -0.01672493869882674500 -0.03311282011051208700 -0.04489724914240096600 -0.04758729866007669500 -0.02905113058262741300 0.00000000000000000000 
0.06408042875408369300 0.09208358146002043600 0.06782667602918626700 0.03237468085695671700 0.00014982633687369429 -0.02666565334464124400 -0.04875690105841360600 -0.06534585238353879400 -0.06998266979753602100 -0.04376525625943233200 0.00000000000000000000 
0.11299958425374204000 0.13793780247007295000 0.08777875577348741300 0.03428342846050871900 -0.00753142062375342610 -0.04026538451287453600 -0.06788269272178452900 -0.09048039813455470400 -0.09896992882717900500 -0.06421809711668886900 0.00000000000000000000 
0.19604145529719777000 0.19019159199954178000 0.09902034005024670800 0.02766764777796113000 -0.01932911709768903400 -0.05458851524122686900 -0.08694728077867365500 -0.11789597007272951000 -0.13515047990011314000 -0.09397880220337470600 0.00000000000000000000 
0.29763983921242992000 0.22028655007201142000 0.08917020378207908500 0.01459835349795246500 -0.02673422985946215200 -0.05814988066610461000 -0.09229162796658078900 -0.13395659000516841000 -0.17147780992048603000 -0.13868562675325169000 0.00000000000000000000 
0.31791936302028678000 0.16957709816064473000 0.04924879483681605200 0.00472341792013861260 -0.01715002057533890700 -0.03523320955373731400 -0.05889281192529344200 -0.09644419472751071500 -0.15454933099042151000 -0.19551905774215020000 0.00000000000000000000 
0.00000000000000000000 0.00000000000000000000 0.00000000000000000000 0.00000000000000000000 0.00000000000000000000 0.00000000000000000000 0.00000000000000000000 0.00000000000000000000 0.00000000000000000000 0.00000000000000000000 0.00000000000000000000 
