-0.16774581151286555000 -0.18296855007470308000 -0.18677752929141792000 -0.17056301935286963000 -0.14264997080642408000 -0.11571357292583297000 -0.09762469145907125300 -0.09047846058502101400 -0.09325513818743758100 -0.10226160687516150000 0.00000000000000000000 
-0.15235798767645581000 -0.17076316543612916000 -0.17439915912679915000 -0.15947023616083933000 -0.13562694370642886000 -0.11451385985055257000 -0.10177597093761748000 -0.09753501818550516800 -0.10057094331937337000 -0.11098591982764314000 0.00000000000000000000 
-0.13408392451128284000 -0.16170784229184221000 -0.16193833853798065000 -0.13935576484745851000 -0.11179188313287564000 -0.09308884972894196400 -0.08616300790903890000 -0.08740763017753715200 -0.09403970347999426900 -0.10894329446469841000 0.00000000000000000000 
-0.11903381952073165000 -0.15075498777367546000 -0.13278186512477314000 -0.08930131455288166400 -0.05275436822580043700 -0.03773584057752529100 -0.04066930963760366500 -0.05157855173399987500 -0.06463433534037893400 -0.08421209409465900400 0.00000000000000000000 
-0.12201030266313284000 -0.13270128596797437000 -0.06555189212035687800 0.01502627657192415200 0.05989525177513699300 0.06296767303669659200 0.04181107138693007700 0.01573013679125880000 -0.00598627798383595530 -0.02915445123977144400 0.00000000000000000000 
-0.17455481832134420000 -0.10975264580293298000 0.05313369481825053200 0.18204377328048421000 0.22520799255580382000 0.20285522962407276000 0.15454402288374605000 0.11027033107502188000 0.08135185906882599900 0.05783228712115781600 0.00000000000000000000 
-0.33373564103931541000 -0.11410143640667517000 0.19354927977000624000 0.37074152755822010000 0.39975258920252443000 0.34393981009559738000 0.26776863415650942000 0.21166325405538666000 0.18738921671975109000 0.17313362203277505000 0.00000000000000000000 
-0.74506124778012828000 -0.24879150308981771000 0.25350587246428646000 0.48358709829308810000 0.50579363928626153000 0.42735426848166758000 0.33607241823995138000 0.28557933660332002000 0.29376955338467187000 0.31891628244065978000 0.00000000000000000000 
-1.73911147649000710000 -0.68205907413058364000 0.09989433390040301800 0.42542375902623941000 0.48032157354753663000 0.40678065247498918000 0.32036744084731039000 0.29867096226712742000 0.38124133321975551000 0.54925626947811779000 0.00000000000000000000 
-3.48742522350805160000 -1.41543012006608350000 -0.23935591887806645000 0.23412532263579036000 0.33977584520435078000 0.27603066297633916000 0.18106480699289737000 0.16158411558377633000 0.36423488451792729000 1.13732472337277500000 0.00000000000000000000 
0.00000000000000000000 0.00000000000000000000 0.00000000000000000000 0.00000000000000000000 0.00000000000000000000 0.00000000000000000000 0.00000000000000000000 0.00000000000000000000 0.00000000000000000000 0.00000000000000000000 0.00000000000000000000 
