0.00000000000000000000 -0.00102442862973560850 -0.01152552967115757200 -0.02512077612219784700 -0.03395794662207338900 -0.03492954130132703400 -0.02923754143652683800 -0.01985194449969501100 -0.00980842878851749710 -0.00213696624361056110 0.00000000000000000000 
0.00000000000000000000 -0.00891866255928620500 -0.03537085777746250300 -0.06415661574142959800 -0.08204447419061633400 -0.08435764971035399100 -0.07295248736313544900 -0.05282498996363713800 -0.02976718136129548000 -0.00983468696223657210 0.00000000000000000000 
0.00000000000000000000 -0.01935404046666744400 -0.06346802232940725000 -0.10361938408939277000 -0.12477018478510378000 -0.12472645403616490000 -0.10745154715765026000 -0.07909042488526259200 -0.04629077873161337900 -0.01646725358826760600 0.00000000000000000000 
0.00000000000000000000 -0.03670314057636869800 -0.10054623913368194000 -0.14684743798657671000 -0.16439522969537448000 -0.15713810643184728000 -0.13239198120757317000 -0.09704228385381634400 -0.05735699327595508700 -0.02083691590747465900 0.00000000000000000000 
0.00000000000000000000 -0.06445366695939119800 -0.14275161459150329000 -0.18425240357728664000 -0.19025184680186438000 -0.17273969105101608000 -0.14153296382334057000 -0.10276479324524147000 -0.06088051067842237300 -0.02223686771208034000 0.00000000000000000000 
0.00000000000000000000 -0.09671974324535533000 -0.17096821198779594000 -0.19213493057134512000 -0.18123833454901991000 -0.15620288838360596000 -0.12558932446458659000 -0.09185401241394258700 -0.05567812479260689200 -0.02084164446726818900 0.00000000000000000000 
0.00000000000000000000 -0.11155631974500035000 -0.15253516134471198000 -0.14075509616153903000 -0.11649600664412486000 -0.09567192551192638100 -0.07974925118124315300 -0.06444700824763935400 -0.04480589157816347600 -0.01973087972378983000 0.00000000000000000000 
0.00000000000000000000 -0.07621898392175430200 -0.05236850765759644400 -0.00744558416790669880 0.01382450192310369200 0.01112780317109585800 -0.00610431088741378740 -0.02655651263850114200 -0.03786692918155456400 -0.02792236757888758700 0.00000000000000000000 
0.00000000000000000000 0.05291474188550593400 0.16726857106913065000 0.23043576327837376000 0.23293036925828733000 0.19745976106118446000 0.13762212856313646000 0.06420507540172078200 -0.00942958220264386230 -0.05103444275496107900 0.00000000000000000000 
0.00000000000000000000 0.39628905099589928000 0.58934035522441197000 0.64751327564050398000 0.65014014883602156000 0.61529726422511910000 0.55393595212695090000 0.46825682189618317000 0.35362143834692733000 0.19870467326266916000 0.00000000000000000000 
0.00000000000000000000 1.00000000000000000000 1.00000000000000000000 1.00000000000000000000 1.00000000000000000000 1.00000000000000000000 1.00000000000000000000 1.00000000000000000000 1.00000000000000000000 1.00000000000000000000 0.00000000000000000000 
