-0.18013708487232655000 -0.15827631766823053000 -0.11744418145608361000 -0.06237465833276331600 -0.00002427883840786233 0.06234864296703860500 0.11739031328375078000 0.15824205243587749000 0.18007583796789517000 0.00000000000000000000 
-0.20173335208058113000 -0.17733879318157283000 -0.13121333119400330000 -0.06971875371564001400 -0.00001072344691592191 0.06967125703432058800 0.13118466730834386000 0.17727995269369762000 0.20169440848337258000 0.00000000000000000000 
-0.24844930507786603000 -0.21763934473540006000 -0.16072149962489563000 -0.08504846609609603700 -0.00001899006368018623 0.08503130432761318900 0.16067177680280031000 0.21760332852186770000 0.24838199387545792000 0.00000000000000000000 
-0.32597705879013394000 -0.28453179012939844000 -0.20859459912620509000 -0.10995849017479156000 0.00000059752178131256 0.10993012355793651000 0.20857544487150392000 0.28446957590875099000 0.32592478766638860000 0.00000000000000000000 
-0.44591695355684269000 -0.38540741793949007000 -0.27954606737972526000 -0.14595661264386403000 0.00000286019581663773 0.14597727332094626000 0.27951679048736766000 0.38536645252478718000 0.44582226467417518000 0.00000000000000000000 
-0.62675997416471385000 -0.53212358854626818000 -0.37782697035140039000 -0.19454982252597897000 0.00004073490064659269 0.19459318221390751000 0.37785217264609083000 0.53205800732457142000 0.62665211959817979000 0.00000000000000000000 
-0.90391443646969150000 -0.73798339585182360000 -0.50546401673734176000 -0.25421812317170639000 0.00007227792427974862 0.25436939818173143000 0.50553225268959778000 0.73795995499575584000 0.90370755978168826000 0.00000000000000000000 
-1.34877443723921990000 -1.01089457646538830000 -0.65142550034731661000 -0.31715040854522641000 0.00014986033363953652 0.31741444200141244000 0.65166451161651096000 1.01095801277251170000 1.34845964815014100000 0.00000000000000000000 
-2.13524908697233020000 -1.30513362456246810000 -0.77268180665537189000 -0.36294025451850903000 0.00016782922959449821 0.36328175139082503000 0.77291412934971582000 1.30512396405550950000 2.13453423421239650000 0.00000000000000000000 
0.00000000000000000000 0.00000000000000000000 0.00000000000000000000 0.00000000000000000000 0.00000000000000000000 0.00000000000000000000 0.00000000000000000000 0.00000000000000000000 0.00000000000000000000 0.00000000000000000000 
