0.00000000000000000000 0.00000000000000000000 0.00000000000000000000 0.00000000000000000000 0.00000000000000000000 0.00000000000000000000 0.00000000000000000000 0.00000000000000000000 0.00000000000000000000 0.00000000000000000000 0.00000000000000000000 
0.00102591439720675810 0.01071367333727523400 0.01388686318491921300 0.00904229239607489200 0.00102601206716091240 -0.00576083009484713950 -0.00952144230747314570 -0.01019633090587007300 -0.00779337291086212420 -0.00213442684199338040 0.00000000000000000000 
0.00980490651061477130 0.03727044065862398400 0.04284044745261377000 0.02709157536374984900 0.00346592401077378330 -0.01705934152313518000 -0.02954753394985474400 -0.03316497589870948800 -0.02766765536754881000 -0.01177847657081668700 0.00000000000000000000 
0.02888131609368558800 0.08164804109753849600 0.08334738771744872000 0.04855666764250816900 0.00365926771604077170 -0.03413489113463784300 -0.05771326378185232700 -0.06578179389774420300 -0.05735975701533267000 -0.02790740066515810500 0.00000000000000000000 
0.06513672686258122100 0.14600229589855615000 0.13022081491797127000 0.06653051518057472000 -0.00330910236975092600 -0.05863442978912189500 -0.09280186294815812000 -0.10520308685845982000 -0.09367534795719186000 -0.04829517876148060900 0.00000000000000000000 
0.12904806267958654000 0.22504486137027443000 0.17230556340276432000 0.07277278481400464800 -0.02072345901905654100 -0.08970656183624095600 -0.13134207938851983000 -0.14680300519506720000 -0.13207384603259639000 -0.07003617105470315300 0.00000000000000000000 
0.22539129871406974000 0.29993041074872095000 0.19336206560900127000 0.06129959837711979100 -0.04626547132153946400 -0.12054297853458035000 -0.16503662886679588000 -0.18277902127991072000 -0.16669344327202396000 -0.09041130800548613500 0.00000000000000000000 
0.33665502324455826000 0.34052832946761435000 0.17968374328001482000 0.03502420853252463700 -0.06846949893956588700 -0.13716790953552213000 -0.18056256708256188000 -0.20238094742838908000 -0.19167520233143370000 -0.10973955544762677000 0.00000000000000000000 
0.41209591327080375000 0.31404490434201204000 0.13038876126147389000 0.01034417008797814500 -0.06786223143614011900 -0.12098727046148132000 -0.16049934526731352000 -0.19108980131153097000 -0.20163733233509751000 -0.13712722764835208000 0.00000000000000000000 
0.36190627134175918000 0.19451425293537875000 0.06144300477815316200 0.00421566373851130480 -0.03458323482282198900 -0.06225707593985724300 -0.08761222041662632100 -0.11786834831249543000 -0.16020377475186087000 -0.18645424862792365000 0.00000000000000000000 
0.00000000000000000000 0.00000000000000000000 0.00000000000000000000 0.00000000000000000000 0.00000000000000000000 0.00000000000000000000 0.00000000000000000000 0.00000000000000000000 0.00000000000000000000 0.00000000000000000000 0.00000000000000000000 
