0.00000000000000000000 -0.00340429014922201830 -0.00992775195040960030 -0.01583658915744298400 -0.01938150735944670800 -0.02010966071426566500 -0.01819212756701383400 -0.01409394904427484600 -0.00853830739853339740 -0.00290325463312816630 0.00000000000000000000 
0.00000000000000000000 -0.00748748569218789590 -0.01966512796022844600 -0.03031497739802206000 -0.03666484443833947100 -0.03801978091199492000 -0.03465881016608999400 -0.02732738641534281800 -0.01721845828148689200 -0.00657206730232211960 0.00000000000000000000 
0.00000000000000000000 -0.01072725964073127300 -0.02740683477065001400 -0.04114499079881620000 -0.04872484671996291100 -0.04982659058148252600 -0.04513334125368988900 -0.03562376359609260900 -0.02264245844084506600 -0.00880082616488043340 0.00000000000000000000 
0.00000000000000000000 -0.01610910763004915300 -0.03924971069621467600 -0.05628857386919909600 -0.06424527187867223900 -0.06405741882857445000 -0.05723964311374091900 -0.04503026044963547000 -0.02875793800749097700 -0.01128793222336285100 0.00000000000000000000 
0.00000000000000000000 -0.02722523478586969000 -0.06032145243213529700 -0.08032270538009021700 -0.08690204438137884300 -0.08381617951942523000 -0.07377663579167720300 -0.05803571840104987400 -0.03749005288290260100 -0.01501432947593021000 0.00000000000000000000 
0.00000000000000000000 -0.04936983557521555000 -0.09483903742943913800 -0.11444436552903237000 -0.11612593887896291000 -0.10828816524585851000 -0.09455400807855231200 -0.07528800731959949000 -0.05000311322507110900 -0.02088658983940062600 0.00000000000000000000 
0.00000000000000000000 -0.08345192642886695200 -0.13523600583012665000 -0.14632135348366981000 -0.13969846010391163000 -0.12789804891011830000 -0.11353787372405749000 -0.09437717353385066700 -0.06679353528301937300 -0.03043089920885445900 0.00000000000000000000 
0.00000000000000000000 -0.10230830622002750000 -0.13330337495994851000 -0.12503280592390659000 -0.11302687926693185000 -0.10626379817169153000 -0.10316715672712735000 -0.09817373652064111100 -0.08223708789198068400 -0.04579754543631639500 0.00000000000000000000 
0.00000000000000000000 -0.01971810957965522400 0.02569227574807161200 0.06072761792124199700 0.06823839313877233500 0.05725723371848438800 0.03312062117326602900 -0.00168966566570899960 -0.04084748389131952900 -0.05869930910790313600 0.00000000000000000000 
0.00000000000000000000 0.34780837759333610000 0.51455557908366900000 0.56035701409530014000 0.56372335013305253000 0.54611967626893620000 0.51087134992464123000 0.45243309250441266000 0.35761065201169662000 0.20750630853037580000 0.00000000000000000000 
0.00000000000000000000 1.00000000000000000000 1.00000000000000000000 1.00000000000000000000 1.00000000000000000000 1.00000000000000000000 1.00000000000000000000 1.00000000000000000000 1.00000000000000000000 1.00000000000000000000 0.00000000000000000000 
