-0.13226831339517631000 -0.13380355464981830000 -0.12261347460307559000 -0.10013866169008413000 -0.07170238337293320700 -0.04303273541278334500 -0.01876100543255879200 -0.00209074541326825140 0.00511733341249956570 0.00304812439574803300 0.00000000000000000000 
-0.13039860509844117000 -0.13276103215668064000 -0.12118477040247280000 -0.09831598349642861600 -0.06992132389364524900 -0.04184070739462479600 -0.01850904043395214200 -0.00271249473166391110 0.00406608871734961100 0.00125156517211870690 0.00000000000000000000 
-0.13951405421750401000 -0.14307981092999805000 -0.12815646539033776000 -0.09984506540560797400 -0.06627008164094880200 -0.03444691253867306100 -0.00894947623195059550 0.00778634489291236270 0.01453476805831769100 0.01023028123381102300 0.00000000000000000000 
-0.16361573004041960000 -0.16699889334903506000 -0.14308777451345839000 -0.10241888282546797000 -0.05770257398622792600 -0.01779712868798199000 0.01273889555970090000 0.03211985464636178700 0.03955280171355347900 0.03358381876265922200 0.00000000000000000000 
-0.21073419459139286000 -0.20848436641184662000 -0.16384737311816497000 -0.10019249162997931000 -0.03751091777548798400 0.01421498605744691400 0.05175135290773481800 0.07484662055510896100 0.08350194238571795300 0.07541118010786468400 0.00000000000000000000 
-0.29911768543146267000 -0.27149670414782384000 -0.18115888341762038000 -0.07956414818209850400 0.00661153774596893310 0.07139585275315031600 0.11596099686699010000 0.14279326856053728000 0.15311978868795070000 0.14250090654201175000 0.00000000000000000000 
-0.46519397992165651000 -0.35443618463226634000 -0.17119477268084862000 -0.01827267903657746000 0.08951747063075291000 0.16373022423156491000 0.21347860366142762000 0.24394605218360416000 0.25804010331322202000 0.24716314144258841000 0.00000000000000000000 
-0.78758593872712057000 -0.45765899559900836000 -0.11354696784327378000 0.08894360594634080600 0.20630268143297545000 0.28464305760558872000 0.34095245262167007000 0.38014114843023522000 0.40815733374280566000 0.41541146175908311000 0.00000000000000000000 
-1.51878128039581890000 -0.67506876489045953000 -0.08978041006737466600 0.16314199340070984000 0.29076995948033946000 0.37594888148625449000 0.44655127846966891000 0.51372904263913799000 0.59149892274061178000 0.71210220399845037000 0.00000000000000000000 
-3.03130610506389650000 -1.22282931050427020000 -0.27653957150219816000 0.09995280831259729900 0.26246978840488433000 0.34628022060782332000 0.39874090369146931000 0.45389506480074709000 0.62940750167544723000 1.33671322996059310000 0.00000000000000000000 
0.00000000000000000000 0.00000000000000000000 0.00000000000000000000 0.00000000000000000000 0.00000000000000000000 0.00000000000000000000 0.00000000000000000000 0.00000000000000000000 0.00000000000000000000 0.00000000000000000000 0.00000000000000000000 
