0.00000000000000000000 0.00000000000000000000 0.00000000000000000000 0.00000000000000000000 0.00000000000000000000 0.00000000000000000000 0.00000000000000000000 0.00000000000000000000 0.00000000000000000000 0.00000000000000000000 
0.00020063815787336016 0.00017601979387617576 0.00012885319138798335 0.00006770081113858938 -0.00000000069047840063 -0.00006771213024896270 -0.00012884844758083571 -0.00017602118072960991 -0.00020062413578704699 0.00000000000000000000 
0.00042848957690297575 0.00037449785793991351 0.00027235035511728717 0.00014250742839571275 -0.00000001162719302659 -0.00014251518581361131 -0.00027235903657943107 -0.00037448136252899822 -0.00042847471725966510 0.00000000000000000000 
0.00071369174228345152 0.00061768079661242978 0.00044375809323210616 0.00022986640839210590 -0.00000001461011982742 -0.00022989990648756640 -0.00044375936567089786 -0.00061766530778490270 -0.00071364207349458141 0.00000000000000000000 
0.00109986107911447470 0.00093377040304192188 0.00065490442426623346 0.00033334525635435287 -0.00000003594565860377 -0.00033339350888508769 -0.00065492790777565383 -0.00093372576711578371 -0.00109977498665661710 0.00000000000000000000 
0.00166033259920231710 0.00135419657609220480 0.00090894771551525480 0.00044851777066154126 -0.00000005683777363249 -0.00044862635440289308 -0.00090898793567637372 -0.00135413962422189430 -0.00166012851874416290 0.00000000000000000000 
0.00253867657877699610 0.00190171716553274470 0.00117792139370743880 0.00055196591887071711 -0.00000010490638766832 -0.00055214883640400533 -0.00117804905316853080 -0.00190164453114243280 -0.00253822622486528720 0.00000000000000000000 
0.00407216785696808310 0.00251698327553129350 0.00134923218735219790 0.00058140101314019927 -0.00000015548740813256 -0.00058172938481908373 -0.00134953587023898180 -0.00251709290267350910 -0.00407100518140676110 0.00000000000000000000 
0.00712509447530568480 0.00271509979478848800 0.00112050357873292300 0.00042476882080362484 -0.00000015650992909922 -0.00042508992276288164 -0.00112088438623507060 -0.00271548680373809740 -0.00712414974158338730 0.00000000000000000000 
0.00000000000000000000 0.00000000000000000000 0.00000000000000000000 0.00000000000000000000 0.00000000000000000000 0.00000000000000000000 0.00000000000000000000 0.00000000000000000000 0.00000000000000000000 0.00000000000000000000 
