0.00000000000000000000 -0.00020044113579852457 -0.00037619211872601136 -0.00050469203238837751 -0.00057229337324430621 -0.00057228395423970021 -0.00050468845349514247 -0.00037617545678822760 -0.00020043967047824140 0.00000000000000000000 
0.00000000000000000000 -0.00022804393307780338 -0.00042615672711370010 -0.00056959086438837731 -0.00064424294202602419 -0.00064424340289268175 -0.00056957127737068073 -0.00042614613170805123 -0.00022802699554115666 0.00000000000000000000 
0.00000000000000000000 -0.00028522560757789550 -0.00052831899021337273 -0.00069944304089290127 -0.00078677246816455165 -0.00078675744002224674 -0.00069942438319364514 -0.00052828321279159895 -0.00028521021619949254 0.00000000000000000000 
0.00000000000000000000 -0.00038654310546590954 -0.00070225482372875949 -0.00091333476361266553 -0.00101665350854295050 -0.00101664275316365630 -0.00091328388676547450 -0.00070220224783350586 -0.00038649315650623350 0.00000000000000000000 
0.00000000000000000000 -0.00056080843212187614 -0.00098114101289510365 -0.00123489396986467290 -0.00135003470558266780 -0.00135000032053564540 -0.00123481832067541930 -0.00098102024419871375 -0.00056071640117449559 0.00000000000000000000 
0.00000000000000000000 -0.00087928360118382182 -0.00142642007902222830 -0.00169532362945280620 -0.00179860898512076830 -0.00179856950119837800 -0.00169517963429810300 -0.00142620196500960410 -0.00087904291256217201 0.00000000000000000000 
0.00000000000000000000 -0.00153493293021014360 -0.00215009111737483150 -0.00232110888269147600 -0.00235051020905770480 -0.00235044442620811540 -0.00232091160630677400 -0.00214967654273446080 -0.00153431974261042210 0.00000000000000000000 
0.00000000000000000000 -0.00305552518432211430 -0.00325346176849722730 -0.00302476364382369510 -0.00286802523891105820 -0.00286807345898300100 -0.00302489288383159550 -0.00325372230275469430 -0.00305585247796247550 0.00000000000000000000 
0.00000000000000000000 0.00841835190483913340 0.01113105540559914400 0.01225037437771090700 0.01267461910957999600 0.01267443262151898700 0.01224975331172297200 0.01112991209016217300 0.00841654999300237020 0.00000000000000000000 
0.00000000000000000000 1.00000000000000000000 1.00000000000000000000 1.00000000000000000000 1.00000000000000000000 1.00000000000000000000 1.00000000000000000000 1.00000000000000000000 1.00000000000000000000 0.00000000000000000000 
